2020 -4.1
2019 1.14
2018 1.12
2017 1.06
2016 -3.31
2015 -3.55
2014 0.50
2013 3.00
2012 1.92
2011 3.97
2010 7.53
2009 -0.13
2008 5.09
2007 6.07
2006 3.96
2005 3.20
2004 5.76
2003 1.14
2002 3.05
2001 1.39
2000 4.39
1999 0.47
1998 0.34
1997 3.39
1996 2.21
1995 4.22
1994 5.85
1993 4.92
1992 -0.54
1991 1.03
1990 -4.35
1989 3.16
1988 -0.06
1987 3.53
1986 7.49
1985 7.85
1984 5.40
1983 -2.93
1982 0.83
1981 -4.25
1980 9.23
1979 6.76
1978 4.97
1977 4.93
1976 10.26
1975 5.17
1974 8.15
1973 13.97
1972 11.94
1971 11.34